o bottom
p 0.71875 0.222917 0
p 0.712656 0.225417 0
p 0.701828 0.236542 0
p 0.689092 0.250579 0
p 0.514063 0.452083 0
p 0.680177 0.260405 0
p 0.514063 0.452083 0
p 0.674405 0.274159 0
p 0.510781 0.457708 0
p 0.429688 0.860417 0
p 0.417188 0.885417 0
p 0.415781 0.888542 0
p 0.414797 0.895729 0
p 0.42067 0.92576 0
p 0.419157 0.946782 0
p 0.415753 0.961498 0
p 0.411496 0.971798 0
p 0.406641 0.979009 0
p 0.40043 0.984056 0
p 0.396082 0.987589 0
p 0.37382 0.990063 0
p 0.354955 0.991794 0
p 0.338469 0.993006 0
p 0.325522 0.993854 0
p 0.314584 0.994448 0
p 0.307396 0.994863 0
p 0.302365 0.995154 0
p 0.300718 0.995358 0
p 0.300503 0.995501 0
p 0.300821 0.9956 0
p 0.301512 0.99567 0
p 0.301527 0.995719 0
p 0.301069 0.995753 0
p 0.298873 0.995777 0
p 0.294055 0.995794 0
p 0.286932 0.995806 0
p 0.278196 0.995814 0
p 0.267394 0.99582 0
p 0.251394 0.995824 0
p 0.232695 0.995827 0
p 0.211636 0.995829 0
p 0.189864 0.99583 0
p 0.241186 0.995831 0
p 0.275705 0.995832 0
p 0.298462 0.995832 0
p 0.314393 0.995833 0
p 0.324137 0.995833 0
p 0.24424 0.995833 0
p 0.188312 0.995833 0
p 0.151037 0.995833 0
p 0.132445 0.995833 0
p 0.145211 0.995833 0
p 0.161179 0.995833 0
p 0.172357 0.995833 0
p 0.18815 0.995833 0
p 0.202017 0.995833 0
p 0.213131 0.995833 0
p 0.215754 0.995833 0
p 0.211965 0.995833 0
p 0.209313 0.995833 0
p 0.203707 0.995833 0
p 0.234938 0.995833 0
p 0.218832 0.995833 0
p 0.207089 0.995833 0
p 0.193243 0.995833 0
p 0.192927 0.995833 0
p 0.192705 0.995833 0
p 0.20755 0.995833 0
p 0.22216 0.995833 0
p 0.245512 0.995833 0
p 0.257171 0.995833 0
p 0.268613 0.995833 0
p 0.277561 0.995833 0
p 0.28523 0.995833 0
p 0.290598 0.995833 0
p 0.29295 0.995833 0
p 0.290846 0.995833 0
p 0.278592 0.995833 0
p 0.273296 0.995833 0
p 0.255995 0.995833 0
p 0.286071 0.995833 0
p 0.308062 0.995833 0
p 0.322987 0.995833 0
p 0.333904 0.995833 0
p 0.340608 0.995833 0
p 0.345769 0.995833 0
p 0.348445 0.995833 0
p 0.350786 0.995833 0
p 0.352894 0.995833 0
p 0.353901 0.995833 0
p 0.354606 0.995833 0
p 0.330724 0.995833 0
p 0.3126 0.995833 0
p 0.296633 0.995833 0
p 0.284049 0.995833 0
p 0.307116 0.995833 0
p 0.324668 0.995833 0
p 0.337893 0.995833 0
p 0.347619 0.995833 0
p 0.354896 0.995833 0
p 0.360458 0.995833 0
p 0.639063 0.733333 0
p 0.36529 0.995833 0
p 0.639531 0.733333 0
p 0.370078 0.995833 0
p 0.641266 0.733333 0
p 0.373429 0.995833 0
p 0.64248 0.732708 0
p 0.375776 0.995833 0
p 0.642392 0.731646 0
p 0.378355 0.995833 0
p 0.641862 0.730277 0
p 0.380161 0.995833 0
p 0.64196 0.729944 0
p 0.381425 0.995833 0
p 0.644372 0.729086 0
p 0.383248 0.995833 0
p 0.64606 0.72786 0
p 0.384523 0.995833 0
p 0.647242 0.727002 0
p 0.385416 0.995833 0
p 0.649476 0.726401 0
p 0.385573 0.995833 0
p 0.662289 0.725981 0
p 0.386151 0.995833 0
p 0.66329 0.725062 0
p 0.387962 0.995833 0
p 0.664928 0.724418 0
p 0.388761 0.995833 0
p 0.672637 0.723968 0
p 0.389789 0.995833 0
p 0.671471 0.722402 0
p 0.390508 0.995833 0
p 0.67628 0.721307 0
p 0.390543 0.995833 0
p 0.677771 0.71929 0
p 0.390568 0.995833 0
p 0.676002 0.716628 0
p 0.391523 0.995833 0
p 0.682733 0.713514 0
p 0.393128 0.995833 0
p 0.682288 0.70946 0
p 0.392846 0.995833 0
p 0.68057 0.705997 0
p 0.392648 0.995833 0
p 0.679368 0.703573 0
p 0.39251 0.995833 0
p 0.678058 0.700001 0
p 0.392882 0.995833 0
p 0.67339 0.695001 0
p 0.371111 0.995833 0
p 0.666842 0.687751 0
p 0.354934 0.995833 0
p 0.660852 0.681425 0
p 0.344548 0.995833 0
p 0.347121 0.995833 0
p 0.351735 0.995833 0
p 0.355902 0.995833 0
p 0.358819 0.995833 0
p 0.360861 0.995833 0
p 0.36229 0.995833 0
p 0.362353 0.995833 0
p 0.360053 0.995833 0
p 0.355631 0.995833 0
p 0.350192 0.995833 0
p 0.340759 0.995833 0
p 0.323844 0.995833 0
p 0.298878 0.995833 0
p 0.280465 0.995833 0
p 0.245544 0.995833 0
p 0.2211 0.995833 0
p 0.203988 0.995833 0
p 0.252479 0.995833 0
p 0.285954 0.995833 0
p 0.309856 0.995833 0
p 0.327055 0.995833 0
p 0.339564 0.995833 0
p 0.349257 0.995833 0
p 0.356042 0.995833 0
p 0.362667 0.995833 0
p 0.295117 0.995833 0
p 0.790625 0.747917 0
p 0.247832 0.995833 0
p 0.221295 0.995833 0
p 0.210688 0.995833 0
p 0.210763 0.995833 0
p 0.219253 0.995833 0
p 0.232696 0.995833 0
p 0.248668 0.995833 0
p 0.265474 0.995833 0
p 0.281925 0.995833 0
p 0.296254 0.995833 0
p 0.308159 0.995833 0
p 0.317899 0.995833 0
p 0.324717 0.995833 0
p 0.32902 0.995833 0
p 0.333439 0.995833 0
p 0.362314 0.995833 0
p 0.381588 0.995833 0
p 0.394612 0.995833 0
p 0.402791 0.995833 0
p 0.409454 0.995833 0
p 0.41318 0.995833 0
p 0.41532 0.995833 0
p 0.417286 0.995833 0
p 0.419132 0.995833 0
p 0.420423 0.995833 0
p 0.421796 0.995833 0
p 0.422758 0.995833 0
p 0.422962 0.995833 0
p 0.423573 0.995833 0
p 0.42447 0.995833 0
p 0.40541 0.995833 0
p 0.75625 0.654167 0
p 0.390662 0.995833 0
p 0.758125 0.652917 0
p 0.380338 0.995833 0
p 0.745375 0.650792 0
p 0.371706 0.995833 0
p 0.733169 0.649304 0
p 0.36285 0.995833 0
p 0.720406 0.647638 0
p 0.356183 0.995833 0
p 0.707721 0.645847 0
p 0.351515 0.995833 0
p 0.698843 0.644593 0
p 0.346373 0.995833 0
p 0.69169 0.64434 0
p 0.341368 0.995833 0
p 0.338801 0.995833 0
p 0.336067 0.995833 0
p 0.333684 0.995833 0
p 0.330142 0.995833 0
p 0.326255 0.995833 0
p 0.322129 0.995833 0
p 0.317834 0.995833 0
p 0.316234 0.995833 0
p 0.314645 0.995833 0
p 0.314001 0.995833 0
p 0.314957 0.995833 0
p 0.316564 0.995833 0
p 0.317688 0.995833 0
p 0.318476 0.995833 0
p 0.319495 0.995833 0
p 0.319272 0.995833 0
p 0.319115 0.995833 0
p 0.319474 0.995833 0
p 0.319257 0.995833 0
p 0.319105 0.995833 0
p 0.318998 0.995833 0
p 0.319393 0.995833 0
p 0.320137 0.995833 0
p 0.321127 0.995833 0
p 0.32182 0.995833 0
p 0.322306 0.995833 0
p 0.323114 0.995833 0
p 0.32368 0.995833 0
p 0.326888 0.995833 0
p 0.329134 0.995833 0
p 0.331175 0.995833 0
p 0.328385 0.995833 0
p 0.326432 0.995833 0
p 0.325065 0.995833 0
p 0.324577 0.995833 0
p 0.325641 0.995833 0
p 0.327793 0.995833 0
p 0.331174 0.995833 0
p 0.335415 0.995833 0
p 0.339322 0.995833 0
p 0.3444 0.995833 0
p 0.355455 0.995833 0
p 0.363194 0.995833 0
p 0.368611 0.995833 0
p 0.372402 0.995833 0
p 0.370369 0.995833 0
p 0.368477 0.995833 0
p 0.367622 0.995833 0
p 0.366554 0.995833 0
p 0.365806 0.995833 0
p 0.365283 0.995833 0
p 0.365386 0.995833 0
p 0.366864 0.995833 0
p 0.368367 0.995833 0
p 0.368951 0.995833 0
p 0.369359 0.995833 0
p 0.372458 0.995833 0
p 0.374158 0.995833 0
p 0.373473 0.995833 0
p 0.3744 0.995833 0
p 0.37458 0.995833 0
p 0.375175 0.995833 0
p 0.376997 0.995833 0
p 0.378273 0.995833 0
p 0.379166 0.995833 0
p 0.379323 0.995833 0
p 0.379432 0.995833 0
p 0.37904 0.995833 0
p 0.379234 0.995833 0
p 0.37937 0.995833 0
p 0.379934 0.995833 0
p 0.37986 0.995833 0
p 0.379808 0.995833 0
p 0.379303 0.995833 0
p 0.379887 0.995833 0
p 0.379827 0.995833 0
p 0.379317 0.995833 0
p 0.379897 0.995833 0
p 0.379834 0.995833 0
p 0.380259 0.995833 0
p 0.379619 0.995833 0
p 0.380108 0.995833 0
p 0.379513 0.995833 0
p 0.379565 0.995833 0
p 0.379602 0.995833 0
p 0.378221 0.995833 0
p 0.377255 0.995833 0
p 0.377516 0.995833 0
p 0.376761 0.995833 0
p 0.375764 0.995833 0
p 0.375535 0.995833 0
p 0.374906 0.995833 0
p 0.373996 0.995833 0
p 0.373829 0.995833 0
p 0.373243 0.995833 0
p 0.373301 0.995833 0
p 0.373342 0.995833 0
p 0.373839 0.995833 0
p 0.37325 0.995833 0
p 0.372838 0.995833 0
p 0.372549 0.995833 0
p 0.371878 0.995833 0
p 0.371877 0.995833 0
p 0.371876 0.995833 0
p 0.371876 0.995833 0
p 0.372813 0.995833 0
p 0.373469 0.995833 0
p 0.373928 0.995833 0
p 0.37425 0.995833 0
p 0.374006 0.995833 0
p 0.375242 0.995833 0
p 0.376107 0.995833 0
p 0.376244 0.995833 0
p 0.377277 0.995833 0
p 0.378 0.995833 0
p 0.378506 0.995833 0
p 0.377454 0.995833 0
p 0.377656 0.995833 0
p 0.377796 0.995833 0
p 0.378364 0.995833 0
p 0.37923 0.995833 0
p 0.379367 0.995833 0
p 0.379932 0.995833 0
p 0.37939 0.995833 0
p 0.379948 0.995833 0
p 0.380338 0.995833 0
p 0.380143 0.995833 0
p 0.380006 0.995833 0
p 0.379442 0.995833 0
p 0.629687 0.695833 0
p 0.379516 0.995833 0
p 0.379567 0.995833 0
p 0.626562 0.697917 0
p 0.379603 0.995833 0
p 0.625625 0.697292 0
p 0.380097 0.995833 0
p 0.626844 0.696854 0
p 0.379974 0.995833 0
p 0.625353 0.696548 0
p 0.37942 0.995833 0
p 0.62056 0.695709 0
p 0.3795 0.995833 0
p 0.623298 0.695746 0
p 0.379087 0.995833 0
p 0.626152 0.695772 0
p 0.379736 0.995833 0
p 0.625338 0.695791 0
p 0.38019 0.995833 0
p 0.62758 0.695803 0
p 0.379571 0.995833 0
p 0.624462 0.696437 0
p 0.379137 0.995833 0
p 0.621811 0.696881 0
p 0.379771 0.995833 0
p 0.620424 0.697192 0
p 0.379746 0.995833 0
p 0.620859 0.696784 0
p 0.37926 0.995833 0
p 0.623508 0.696499 0
p 0.379857 0.995833 0
p 0.62208 0.696924 0
p 0.379806 0.995833 0
p 0.620613 0.697222 0
p 0.380239 0.995833 0
p 0.619585 0.69743 0
p 0.381011 0.995833 0
p 0.619335 0.697576 0
p 0.381083 0.995833 0
p 0.619628 0.697678 0
p 0.381133 0.995833 0
p 0.618896 0.69775 0
p 0.381168 0.995833 0
p 0.618383 0.6978 0
p 0.381193 0.995833 0
p 0.618025 0.697835 0
p 0.38121 0.995833 0
p 0.617773 0.69786 0
p 0.382159 0.995833 0
p 0.62041 0.698502 0
p 0.382824 0.995833 0
p 0.622256 0.698951 0
p 0.382821 0.995833 0
p 0.381881 0.995833 0
p 0.382629 0.995833 0
p 0.383153 0.995833 0
p 0.382582 0.995833 0
p 0.382651 0.995833 0
p 0.3827 0.995833 0
p 0.383202 0.995833 0
p 0.382617 0.995833 0
p 0.382675 0.995833 0
p 0.382716 0.995833 0
p 0.383214 0.995833 0
p 0.383562 0.995833 0
p 0.383337 0.995833 0
p 0.382711 0.995833 0
p 0.382273 0.995833 0
p 0.381497 0.995833 0
p 0.381892 0.995833 0
p 0.382168 0.995833 0
p 0.38283 0.995833 0
p 0.382825 0.995833 0
p 0.379071 0.995833 0
p 0.380194 0.995833 0
p 0.378635 0.995833 0
p 0.377545 0.995833 0
p 0.376313 0.995833 0
p 0.374981 0.995833 0
p 0.374518 0.995833 0
p 0.374194 0.995833 0
p 0.373967 0.995833 0
p 0.373339 0.995833 0
p 0.374306 0.995833 0
p 0.376858 0.995833 0
p 0.379113 0.995833 0
p 0.380692 0.995833 0
p 0.382266 0.995833 0
p 0.383367 0.995833 0
p 0.383669 0.995833 0
p 0.383881 0.995833 0
p 0.383092 0.995833 0
p 0.381602 0.995833 0
p 0.38009 0.995833 0
p 0.379032 0.995833 0
p 0.377822 0.995833 0
p 0.376976 0.995833 0
p 0.375914 0.995833 0
p 0.374234 0.995833 0
p 0.373526 0.995833 0
p 0.372093 0.995833 0
p 0.371559 0.995833 0
p 0.371185 0.995833 0
p 0.370923 0.995833 0
p 0.370271 0.995833 0
p 0.367471 0.995833 0
p 0.363636 0.995833 0
p 0.360951 0.995833 0
p 0.36001 0.995833 0
p 0.357007 0.995833 0
p 0.354905 0.995833 0
p 0.352965 0.995833 0
p 0.352075 0.995833 0
p 0.349578 0.995833 0
p 0.316892 0.995833 0
p 0.287918 0.995833 0
p 0.270449 0.995833 0
p 0.259627 0.995833 0
p 0.252989 0.995833 0
p 0.248811 0.995833 0
p 0.245418 0.995833 0
p 0.243042 0.995833 0
p 0.24138 0.995833 0
p 0.238809 0.995833 0
p 0.242167 0.995833 0
p 0.236079 0.995833 0
p 0.229943 0.995833 0
p 0.230804 0.995833 0
p 0.261875 0.995833 0
p 0.284094 0.995833 0
p 0.299647 0.995833 0
p 0.277253 0.995833 0
p 0.257358 0.995833 0
p 0.24437 0.995833 0
p 0.242777 0.995833 0
p 0.2426 0.995833 0
p 0.247164 0.995833 0
p 0.251296 0.995833 0
p 0.254189 0.995833 0
p 0.256213 0.995833 0
p 0.256693 0.995833 0
p 0.257029 0.995833 0
p 0.261014 0.995833 0
p 0.255366 0.995833 0
p 0.251412 0.995833 0
p 0.276301 0.995833 0
p 0.293723 0.995833 0
p 0.306388 0.995833 0
p 0.291346 0.995833 0
p 0.274255 0.995833 0
p 0.262291 0.995833 0
p 0.259072 0.995833 0
p 0.258226 0.995833 0
p 0.261383 0.995833 0
p 0.259374 0.995833 0
p 0.251406 0.995833 0
p 0.244422 0.995833 0
p 0.24422 0.995833 0
p 0.242673 0.995833 0
p 0.239715 0.995833 0
p 0.274207 0.995833 0
p 0.29882 0.995833 0
p 0.316049 0.995833 0
p 0.329515 0.995833 0
p 0.341286 0.995833 0
p 0.349994 0.995833 0
p 0.359371 0.995833 0
p 0.367809 0.995833 0
p 0.375123 0.995833 0
p 0.384461 0.995833 0
p 0.767187 0.64375 0
p 0.39381 0.995833 0
p 0.779375 0.645 0
p 0.402698 0.995833 0
p 0.794 0.648375 0
p 0.410795 0.995833 0
p 0.805644 0.651362 0
p 0.419744 0.995833 0
p 0.814263 0.654704 0
p 0.431165 0.995833 0
p 0.820297 0.658918 0
p 0.449003 0.995833 0
p 0.824051 0.661867 0
p 0.464771 0.981458 0
p 0.481902 0.952646 0
p 0.489206 0.909977 0
p 0.499476 0.877609 0
p 0.509008 0.852451 0
p 0.518962 0.832966 0
p 0.526398 0.816826 0
p 0.532541 0.804278 0
p 0.540123 0.794245 0
p 0.54543 0.787221 0
p 0.549144 0.782305 0
p 0.55362 0.779489 0
p 0.557221 0.778767 0
p 0.555992 0.780137 0
p 0.767187 0.34375 0
p 0.560289 0.784221 0
p 0.763437 0.343125 0
p 0.567514 0.788955 0
p 0.763156 0.342687 0
p 0.580073 0.798518 0
p 0.588863 0.805213 0
p 0.598767 0.815524 0
p 0.608512 0.803992 0
p 0.612521 0.788419 0
p 0.614858 0.773768 0
p 0.617901 0.760388 0
p 0.620031 0.751022 0
p 0.626678 0.736965 0
p 0.630862 0.709625 0
p 0.633791 0.690488 0
p 0.634375 0.5 0
p 0.626406 0.515625 0
p 0.613328 0.547188 0
p 0.600892 0.578656 0
p 0.587031 0.605684 0
p 0.575922 0.631479 0
p 0.579864 0.69141 0
p 0.568092 0.733987 0
p 0.701563 0.29375 0
p 0.551414 0.765666 0
p 0.697812 0.296875 0
p 0.53599 0.788466 0
p 0.682062 0.305313 0
p 0.503631 0.805051 0
p 0.47301 0.819161 0
p 0.451576 0.829038 0
p 0.430478 0.838451 0
p 0.428835 0.885666 0
p 0.420653 0.918716 0
p 0.406488 0.941851 0
p 0.396573 0.958046 0
p 0.38682 0.969382 0
p 0.379524 0.977318 0
p 0.740625 0.6875 0
p 0.372542 0.982872 0
p 0.734531 0.6875 0
p 0.367186 0.986761 0
p 0.731672 0.688125 0
p 0.362967 0.989482 0
p 0.726858 0.688563 0
p 0.359077 0.991388 0
p 0.715988 0.690119 0
p 0.356354 0.992721 0
p 0.708379 0.691208 0
p 0.353979 0.993655 0
p 0.71149 0.692596 0
p 0.35091 0.994308 0
p 0.712262 0.694192 0
p 0.348762 0.994766 0
p 0.712802 0.695309 0
p 0.34679 0.995086 0
p 0.697243 0.694842 0
p 0.345409 0.99531 0
p 0.695257 0.694514 0
p 0.344443 0.995467 0
p 0.680743 0.694285 0
p 0.320329 0.995577 0
p 0.674801 0.694124 0
p 0.299699 0.995654 0
p 0.679548 0.694637 0
p 0.283383 0.995708 0
p 0.684278 0.695621 0
p 0.270556 0.995745 0
p 0.687119 0.69631 0
p 0.261108 0.995772 0
p 0.689108 0.696792 0
p 0.254494 0.99579 0
p 0.690501 0.697129 0
p 0.247052 0.995803 0
p 0.240905 0.995812 0
p 0.236602 0.995819 0
p 0.7 0.7125 0
p 0.232653 0.995823 0
p 0.232701 0.995826 0
p 0.263672 0.995828 0
p 0.285352 0.99583 0
p 0.300527 0.995831 0
p 0.312557 0.995832 0
p 0.32004 0.995832 0
p 0.326215 0.995832 0
p 0.329601 0.995833 0
p 0.332908 0.995833 0
p 0.282254 0.995833 0
p 0.240234 0.995833 0
p 0.21082 0.995833 0
p 0.190699 0.995833 0
p 0.177083 0.995833 0
p 0.229427 0.995833 0
p 0.265599 0.995833 0
p 0.291388 0.995833 0
p 0.30944 0.995833 0
p 0.321139 0.995833 0
p 0.329329 0.995833 0
p 0.335061 0.995833 0
p 0.338606 0.995833 0
p 0.33968 0.995833 0
p 0.339964 0.995833 0
p 0.338756 0.995833 0
p 0.336973 0.995833 0
p 0.335725 0.995833 0
p 0.333445 0.995833 0
p 0.33138 0.995833 0
p 0.329466 0.995833 0
p 0.327657 0.995833 0
p 0.326392 0.995833 0
p 0.324568 0.995833 0
p 0.32376 0.995833 0
p 0.323194 0.995833 0
p 0.322799 0.995833 0
p 0.32299 0.995833 0
p 0.322656 0.995833 0
p 0.322421 0.995833 0
p 0.322258 0.995833 0
p 0.322143 0.995833 0
p 0.322062 0.995833 0
p 0.321537 0.995833 0
p 0.32117 0.995833 0
p 0.321381 0.995833 0
p 0.321061 0.995833 0
p 0.321305 0.995833 0
p 0.321476 0.995833 0
p 0.0015625 0.895833 0
p 0.321596 0.995833 0
p 0.0015625 0.914583 0
p 0.32168 0.995833 0
p 0.0015625 0.920833 0
p 0.322207 0.995833 0
p 0.323045 0.995833 0
p 0.323631 0.995833 0
p 0.324042 0.995833 0
p 0.324798 0.995833 0
p 0.325327 0.995833 0
p 0.327573 0.995833 0
p 0.328676 0.995833 0
p 0.330855 0.995833 0
p 0.333317 0.995833 0
p 0.335978 0.995833 0
p 0.33831 0.995833 0
p 0.340879 0.995833 0
p 0.6875 0.808333 0
p 0.344084 0.995833 0
p 0.685625 0.808958 0
p 0.346796 0.995833 0
p 0.683375 0.810021 0
p 0.349164 0.995833 0
p 0.686019 0.80764 0
p 0.351758 0.995833 0
p 0.684119 0.806598 0
p 0.354981 0.995833 0
p 0.683259 0.803368 0
p 0.358174 0.995833 0
p 0.362284 0.995833 0
p 0.366568 0.995833 0
p 0.376597 0.995833 0
p 0.389243 0.995833 0
p 0.404189 0.988958 0
p 0.417932 0.972271 0
p 0.408803 0.952464 0
p 0.408037 0.9386 0
p 0.421095 0.930145 0
p 0.440079 0.923602 0
p 0.462274 0.917771 0
p 0.50031 0.908065 0
p 0.740625 0.314583 0
p 0.526936 0.90127 0
p 0.740625 0.314583 0
p 0.551668 0.891514 0
p 0.574605 0.83656 0
p 0.590661 0.791842 0
p 0.606119 0.752414 0
p 0.616939 0.724815 0
p 0.627326 0.701746 0
p 0.63741 0.667472 0
p 0.647749 0.63973 0
p 0.664362 0.609061 0
p 0.675991 0.587593 0
o hand_left
p 0.660937 0.15 0
p 0.764063 0.208333 0
p 0.656719 0.1575 0
p 0.765469 0.202708 0
p 0.647203 0.159625 0
p 0.763641 0.200021 0
p 0.635386 0.165487 0
p 0.760017 0.19814 0
p 0.489062 0.38125 0
p 0.560938 0.385417 0
p 0.627114 0.169591 0
p 0.757481 0.196823 0
p 0.489062 0.38125 0
p 0.560938 0.385417 0
p 0.61523 0.178089 0
p 0.754299 0.194651 0
p 0.4825 0.39375 0
p 0.561406 0.396042 0
p 0.4125 0.808333 0
p 0.482812 0.816667 0
p 0.392188 0.8125 0
p 0.734375 0.189583 0
p 0.387031 0.74375 0
p 0.731094 0.192083 0
p 0.380141 0.69625 0
p 0.729266 0.191958 0
p 0.372505 0.666125 0
p 0.72658 0.189996 0
p 0.363878 0.640037 0
p 0.721887 0.189872 0
p 0.354559 0.623026 0
p 0.718133 0.19291 0
p 0.344285 0.616743 0
p 0.713631 0.194412 0
p 0.334281 0.62172 0
p 0.709073 0.191089 0
p 0.324934 0.614579 0
p 0.704945 0.187512 0
p 0.316047 0.618331 0
p 0.701118 0.181258 0
p 0.308421 0.616581 0
p 0.697501 0.174381 0
p 0.300738 0.621607 0
p 0.694032 0.166442 0
p 0.294423 0.62825 0
p 0.690666 0.164009 0
p 0.290002 0.6304 0
p 0.68831 0.158556 0
p 0.28597 0.62878 0
p 0.685723 0.156614 0
p 0.283617 0.632021 0
p 0.683444 0.156505 0
p 0.281501 0.643665 0
p 0.682317 0.155804 0
p 0.280488 0.65119 0
p 0.681528 0.154688 0
p 0.280248 0.654583 0
p 0.682382 0.156406 0
p 0.281017 0.647583 0
p 0.683449 0.156984 0
p 0.281556 0.653308 0
p 0.685133 0.156139 0
p 0.282402 0.656066 0
p 0.688655 0.159297 0
p 0.283931 0.661746 0
p 0.69159 0.159633 0
p 0.285939 0.659472 0
p 0.694582 0.159868 0
p 0.285001 0.758506 0
p 0.69902 0.157533 0
p 0.280595 0.828454 0
p 0.703533 0.157773 0
p 0.27376 0.877418 0
p 0.708567 0.157316 0
p 0.264288 0.909192 0
p 0.713028 0.159496 0
p 0.249221 0.933935 0
p 0.717557 0.159772 0
p 0.231173 0.948129 0
p 0.720727 0.161841 0
p 0.210571 0.959315 0
p 0.724822 0.163913 0
p 0.18865 0.960271 0
p 0.72675 0.162864 0
p 0.166274 0.956565 0
p 0.727631 0.16213 0
p 0.144048 0.94522 0
p 0.728717 0.158491 0
p 0.121927 0.934154 0
p 0.729008 0.154069 0
p 0.102693 0.922658 0
p 0.729681 0.373473 0
p 0.0878225 0.916486 0
p 0.732964 0.525181 0
p 0.0774132 0.93154 0
p 0.741356 0.615127 0
p 0.0701268 0.942078 0
p 0.74723 0.678089 0
p 0.0678387 0.951955 0
p 0.753686 0.719037 0
p 0.0742059 0.963243 0
p 0.759612 0.739576 0
p 0.104444 0.971145 0
p 0.768916 0.735203 0
p 0.132642 0.976677 0
p 0.776366 0.725892 0
p 0.152381 0.980549 0
p 0.781581 0.719375 0
p 0.174167 0.904509 0
p 0.783357 0.706062 0
p 0.188948 0.845031 0
p 0.783662 0.696119 0
p 0.197888 0.801522 0
p 0.78247 0.690408 0
p 0.200397 0.76419 0
p 0.774604 0.694536 0
p 0.198403 0.751183 0
p 0.766285 0.7093 0
p 0.197007 0.742078 0
p 0.760462 0.719635 0
p 0.189936 0.789455 0
p 0.749824 0.744994 0
p 0.181705 0.823868 0
p 0.739095 0.770246 0
p 0.175475 0.846708 0
p 0.730179 0.791047 0
p 0.174864 0.828945 0
p 0.723 0.808108 0
p 0.170686 0.875262 0
p 0.718444 0.821301 0
p 0.172918 0.850808 0
p 0.715723 0.827411 0
p 0.17448 0.833691 0
p 0.713819 0.831687 0
p 0.179323 0.821709 0
p 0.718111 0.822806 0
p 0.184589 0.811446 0
p 0.724396 0.809089 0
p 0.190618 0.798637 0
p 0.729734 0.790112 0
p 0.196245 0.789671 0
p 0.735345 0.769954 0
p 0.201591 0.78777 0
p 0.74396 0.745843 0
p 0.207207 0.779564 0
p 0.750928 0.723965 0
p 0.213482 0.768195 0
p 0.757681 0.706775 0
p 0.219282 0.773361 0
p 0.764752 0.695993 0
p 0.225216 0.783228 0
p 0.772045 0.69657 0
p 0.230776 0.782634 0
p 0.778088 0.704474 0
p 0.235606 0.773469 0
p 0.782786 0.715632 0
p 0.23758 0.825803 0
p 0.782794 0.735317 0
p 0.230994 0.873062 0
p 0.780456 0.754097 0
p 0.225446 0.873644 0
p 0.776475 0.774118 0
p 0.223437 0.868426 0
p 0.771345 0.790008 0
p 0.215937 0.851023 0
p 0.766348 0.801755 0
p 0.210687 0.840091 0
p 0.763787 0.808729 0
p 0.216387 0.814939 0
p 0.762932 0.812985 0
p 0.218971 0.799832 0
p 0.764678 0.81534 0
p 0.223592 0.809258 0
p 0.769181 0.810113 0
p 0.231046 0.814605 0
p 0.774208 0.800204 0
p 0.240482 0.850224 0
p 0.78382 0.782643 0
p 0.2499 0.868282 0
p 0.792424 0.762225 0
p 0.259305 0.887797 0
p 0.799384 0.741682 0
p 0.264013 0.915208 0
p 0.8066 0.719178 0
p 0.265903 0.932521 0
p 0.813995 0.698424 0
p 0.263945 0.948389 0
p 0.818703 0.681397 0
p 0.260699 0.958248 0
p 0.822467 0.669478 0
p 0.256552 0.953273 0
p 0.825571 0.664885 0
p 0.252242 0.945416 0
p 0.827275 0.665419 0
p 0.247351 0.938666 0
p 0.827998 0.668293 0
p 0.244864 0.928941 0
p 0.828974 0.675305 0
p 0.244999 0.919634 0
p 0.828251 0.678339 0
p 0.246968 0.908744 0
p 0.805713 0.559212 0
p 0.59375 0.675 0
p 0.826563 0.685417 0
p 0.251628 0.896121 0
p 0.789937 0.475824 0
p 0.594688 0.676875 0
p 0.826094 0.685417 0
p 0.259108 0.88916 0
p 0.778893 0.416201 0
p 0.595812 0.678813 0
p 0.824828 0.684792 0
p 0.269032 0.882412 0
p 0.771631 0.376341 0
p 0.598944 0.680794 0
p 0.825817 0.683104 0
p 0.279729 0.883938 0
p 0.766548 0.348439 0
p 0.603479 0.683431 0
p 0.826041 0.681298 0
p 0.291435 0.889382 0
p 0.76299 0.328282 0
p 0.608998 0.685901 0
p 0.826666 0.678784 0
p 0.301504 0.895067 0
p 0.761437 0.314797 0
p 0.615205 0.687631 0
p 0.828041 0.677648 0
p 0.311366 0.898422 0
p 0.760818 0.305358 0
p 0.620487 0.689467 0
p 0.829941 0.676229 0
p 0.319675 0.89827 0
p 0.761323 0.298126 0
p 0.625591 0.690127 0
p 0.83174 0.67461 0
p 0.325491 0.898164 0
p 0.761676 0.293063 0
p 0.629164 0.690589 0
p 0.832999 0.673477 0
p 0.330031 0.89309 0
p 0.759111 0.296394 0
p 0.632602 0.691537 0
p 0.833881 0.672684 0
p 0.332741 0.888288 0
p 0.760596 0.293101 0
p 0.635478 0.690951 0
p 0.834967 0.672129 0
p 0.334637 0.886802 0
p 0.762105 0.292046 0
p 0.638897 0.689291 0
p 0.835727 0.67174 0
p 0.335965 0.885761 0
p 0.76363 0.290682 0
p 0.641759 0.686878 0
p 0.836259 0.670218 0
p 0.337363 0.885033 0
p 0.764697 0.289102 0
p 0.645169 0.68644 0
p 0.8371 0.669153 0
p 0.339279 0.883273 0
p 0.765913 0.287372 0
p 0.648493 0.686133 0
p 0.838157 0.668407 0
p 0.34062 0.880791 0
p 0.76817 0.288035 0
p 0.652226 0.685293 0
p 0.838898 0.667885 0
p 0.341559 0.879054 0
p 0.76975 0.287875 0
p 0.655777 0.685955 0
p 0.838478 0.666269 0
p 0.34081 0.879713 0
p 0.769919 0.287137 0
p 0.6592 0.682044 0
p 0.84006 0.662014 0
p 0.339817 0.886424 0
p 0.770037 0.286621 0
p 0.660659 0.678056 0
p 0.840698 0.657785 0
p 0.338185 0.884872 0
p 0.769182 0.280635 0
p 0.661211 0.675264 0
p 0.840676 0.652324 0
p 0.335167 0.888785 0
p 0.768115 0.278944 0
p 0.660192 0.67206 0
p 0.839723 0.644752 0
p 0.333054 0.891525 0
p 0.767368 0.277761 0
p 0.659478 0.669817 0
p 0.839056 0.639451 0
p 0.330638 0.895942 0
p 0.765908 0.274433 0
p 0.657572 0.666997 0
p 0.837652 0.633866 0
p 0.328009 0.89841 0
p 0.764885 0.268353 0
p 0.6553 0.658148 0
p 0.836669 0.626831 0
p 0.325231 0.909512 0
p 0.762295 0.258472 0
p 0.648085 0.648203 0
p 0.835043 0.613782 0
p 0.322818 0.929783 0
p 0.759075 0.249055 0
p 0.635535 0.641242 0
p 0.833436 0.601522 0
p 0.322066 0.944598 0
p 0.779321 0.344964 0
p 0.322009 0.870594 0
p 0.79115 0.403975 0
p 0.3215 0.821291 0
p 0.798024 0.440282 0
p 0.320206 0.792403 0
p 0.80096 0.461948 0
p 0.318832 0.772182 0
p 0.801141 0.472738 0
p 0.316464 0.764278 0
p 0.799392 0.477167 0
p 0.314806 0.758744 0
p 0.798168 0.480267 0
p 0.31177 0.760496 0
p 0.795437 0.476812 0
p 0.308239 0.757347 0
p 0.793524 0.474393 0
p 0.303892 0.745768 0
p 0.793592 0.474575 0
p 0.298506 0.741413 0
p 0.794577 0.481578 0
p 0.291454 0.740864 0
p 0.797141 0.493979 0
p 0.283237 0.734855 0
p 0.800811 0.510786 0
p 0.270453 0.810648 0
p 0.802912 0.529425 0
p 0.254473 0.850579 0
p 0.805319 0.555597 0
p 0.22735 0.88603 0
p 0.806067 0.582668 0
p 0.199926 0.905846 0
p 0.80706 0.615993 0
p 0.18073 0.919717 0
p 0.807754 0.63932 0
p 0.158386 0.916927 0
p 0.806366 0.666899 0
p 0.138995 0.911224 0
p 0.803518 0.693079 0
p 0.125422 0.908482 0
p 0.79965 0.71578 0
p 0.11592 0.906562 0
p 0.794599 0.736671 0
p 0.109738 0.907094 0
p 0.791532 0.75067 0
p 0.106348 0.909965 0
p 0.789854 0.761719 0
p 0.105381 0.916351 0
p 0.790085 0.766953 0
p 0.106579 0.926446 0
p 0.792122 0.766867 0
p 0.111168 0.936637 0
p 0.78136 0.597432 0
p 0.65625 0.689583 0
p 0.803125 0.745833 0
p 0.119068 0.951271 0
p 0.774296 0.479452 0
p 0.13116 0.961515 0
p 0.76982 0.396867 0
p 0.147593 0.969935 0
p 0.768561 0.340932 0
p 0.166596 0.976455 0
p 0.76768 0.299277 0
p 0.188336 0.981018 0
p 0.768001 0.271369 0
p 0.211054 0.984213 0
p 0.769632 0.247458 0
p 0.233519 0.985824 0
p 0.770305 0.230096 0
p 0.25487 0.987577 0
p 0.771714 0.218567 0
p 0.274503 0.988804 0
p 0.773168 0.211122 0
p 0.291058 0.989663 0
p 0.774186 0.20716 0
p 0.304522 0.990264 0
p 0.775368 0.206262 0
p 0.315353 0.98381 0
p 0.777601 0.206259 0
p 0.322934 0.979292 0
p 0.779165 0.206256 0
p 0.327773 0.981129 0
p 0.778384 0.211254 0
p 0.33116 0.96929 0
p 0.78065 0.212878 0
p 0.333531 0.954128 0
p 0.782705 0.21464 0
p 0.33519 0.936015 0
p 0.785081 0.217123 0
p 0.335883 0.91771 0
p 0.786275 0.216986 0
p 0.338243 0.892397 0
p 0.787112 0.21814 0
p 0.339426 0.880928 0
p 0.788166 0.221448 0
p 0.341661 0.861025 0
p 0.79031 0.224389 0
p 0.344163 0.848342 0
p 0.790873 0.225822 0
p 0.348258 0.842589 0
p 0.792205 0.2287 0
p 0.351593 0.845438 0
p 0.790793 0.225715 0
p 0.353927 0.847431 0
p 0.789805 0.223626 0
p 0.356499 0.847577 0
p 0.787708 0.219663 0
p 0.358768 0.852054 0
p 0.789052 0.223764 0
p 0.359888 0.872688 0
p 0.789055 0.22601 0
p 0.360671 0.887756 0
p 0.786245 0.231332 0
p 0.360751 0.89768 0
p 0.788496 0.229432 0
p 0.360338 0.912126 0
p 0.788197 0.227478 0
p 0.726562 0.6 0
p 0.865625 0.61875 0
p 0.359112 0.932863 0
p 0.785176 0.224234 0
p 0.72375 0.604375 0
p 0.867969 0.615625 0
p 0.357785 0.943629 0
p 0.78306 0.221339 0
p 0.718031 0.602437 0
p 0.869141 0.610313 0
p 0.354512 0.953665 0
p 0.780642 0.216187 0
p 0.705591 0.605456 0
p 0.869961 0.605344 0
p 0.350814 0.962566 0
p 0.776606 0.210706 0
p 0.693132 0.606944 0
p 0.871004 0.598741 0
p 0.347758 0.967546 0
p 0.773312 0.207494 0
p 0.679255 0.603611 0
p 0.869859 0.591618 0
p 0.345618 0.971032 0
p 0.771006 0.205246 0
p 0.669541 0.601278 0
p 0.869057 0.586633 0
p 0.342245 0.976598 0
p 0.767985 0.202422 0
p 0.658991 0.601519 0
p 0.869903 0.583143 0
p 0.338478 0.981118 0
p 0.797746 0.314196 0
p 0.336309 0.981158 0
p 0.819516 0.397437 0
p 0.333854 0.891185 0
p 0.83288 0.457581 0
p 0.331198 0.81883 0
p 0.841297 0.502182 0
p 0.326526 0.770681 0
p 0.845783 0.537777 0
p 0.321381 0.740102 0
p 0.848923 0.565194 0
p 0.316373 0.719321 0
p 0.847371 0.585636 0
p 0.310992 0.7129 0
p 0.845816 0.60182 0
p 0.30582 0.704655 0
p 0.844259 0.615649 0
p 0.300792 0.697633 0
p 0.842231 0.626579 0
p 0.296336 0.693968 0
p 0.841281 0.633606 0
p 0.293216 0.687653 0
p 0.83874 0.639149 0
p 0.290564 0.682607 0
p 0.836024 0.640529 0
p 0.28777 0.68595 0
p 0.835061 0.641495 0
p 0.284876 0.68954 0
p 0.833449 0.640922 0
p 0.282851 0.692678 0
p 0.830914 0.639895 0
p 0.281433 0.69425 0
p 0.828671 0.638552 0
p 0.279972 0.6966 0
p 0.828976 0.636361 0
p 0.27848 0.69887 0
p 0.828252 0.634203 0
p 0.277436 0.699834 0
p 0.828214 0.630192 0
p 0.276237 0.708009 0
p 0.827719 0.628634 0
p 0.275397 0.706231 0
p 0.826903 0.624419 0
p 0.274809 0.703112 0
p 0.826332 0.621468 0
p 0.273929 0.706553 0
p 0.825933 0.619403 0
p 0.27425 0.702712 0
p 0.825653 0.617957 0
p 0.274006 0.700024 0
p 0.824519 0.61757 0
p 0.273836 0.698767 0
p 0.823726 0.616674 0
p 0.273716 0.698512 0
p 0.822233 0.616047 0
p 0.274101 0.701458 0
p 0.819782 0.616858 0
p 0.275308 0.692271 0
p 0.817597 0.616175 0
p 0.275685 0.686464 0
p 0.816068 0.616323 0
p 0.276417 0.68115 0
p 0.815935 0.617051 0
p 0.277398 0.67368 0
p 0.815373 0.616936 0
p 0.279491 0.673451 0
p 0.813574 0.619355 0
p 0.281894 0.665791 0
p 0.812314 0.619174 0
p 0.283107 0.663554 0
p 0.811432 0.620921 0
p 0.284425 0.653238 0
p 0.810815 0.62152 0
p 0.285816 0.658516 0
p 0.810852 0.621314 0
p 0.287728 0.642836 0
p 0.810878 0.62117 0
p 0.288597 0.633735 0
p 0.810896 0.620444 0
p 0.289205 0.624865 0
p 0.811377 0.619936 0
p 0.291506 0.616155 0
p 0.811714 0.61958 0
p 0.293117 0.626309 0
p 0.81195 0.618081 0
p 0.294244 0.633416 0
p 0.812115 0.617032 0
p 0.294096 0.628391 0
p 0.811293 0.616297 0
p 0.296805 0.622999 0
p 0.810249 0.615783 0
p 0.298232 0.628599 0
p 0.809518 0.614173 0
p 0.300169 0.631894 0
p 0.809006 0.612421 0
p 0.301993 0.632951 0
p 0.808648 0.611195 0
p 0.303739 0.617441 0
p 0.808397 0.610961 0
p 0.303555 0.614084 0
p 0.807753 0.610173 0
p 0.303426 0.611733 0
p 0.807302 0.609621 0
p 0.303804 0.611963 0
p 0.80558 0.60861 0
p 0.304069 0.612749 0
p 0.804844 0.606652 0
p 0.305192 0.603925 0
p 0.804797 0.604031 0
p 0.305978 0.601497 0
p 0.804764 0.602822 0
p 0.306529 0.599798 0
p 0.804741 0.601975 0
p 0.307383 0.608609 0
p 0.804725 0.600758 0
p 0.307512 0.602901 0
p 0.804245 0.599905 0
p 0.308539 0.602031 0
p 0.804378 0.599309 0
p 0.309259 0.605796 0
p 0.803533 0.598891 0
p 0.309294 0.608433 0
p 0.803411 0.597974 0
p 0.309318 0.605278 0
p 0.802856 0.597332 0
p 0.309335 0.602444 0
p 0.802468 0.596257 0
p 0.309816 0.599211 0
p 0.802665 0.595505 0
p 0.309684 0.597573 0
p 0.802803 0.594978 0
p 0.311466 0.603926 0
p 0.8029 0.595235 0
p 0.312714 0.608373 0
p 0.802967 0.595414 0
p 0.313118 0.602736 0
p 0.803952 0.59554 0
p 0.312933 0.60004 0
p 0.804173 0.595003 0
p 0.312803 0.598153 0
p 0.804327 0.594627 0
p 0.313181 0.593707 0
p 0.804435 0.594989 0
p 0.312977 0.59122 0
p 0.80498 0.595242 0
p 0.313771 0.588229 0
p 0.805361 0.59417 0
p 0.313859 0.58676 0
p 0.805159 0.594044 0
p 0.313451 0.585732 0
p 0.805017 0.593331 0
p 0.313166 0.588138 0
p 0.80445 0.592831 0
p 0.313904 0.584821 0
p 0.804052 0.591232 0
p 0.313951 0.584375 0
p 0.804243 0.590112 0
p 0.313047 0.585312 0
p 0.803908 0.588704 0
p 0.312883 0.585344 0
p 0.805079 0.587093 0
p 0.313237 0.584116 0
p 0.80543 0.585965 0
p 0.314891 0.588881 0
p 0.805207 0.585175 0
p 0.31558 0.584717 0
p 0.805989 0.582123 0
p 0.318406 0.591802 0
p 0.806536 0.580611 0
p 0.318978 0.590511 0
p 0.807857 0.577678 0
p 0.318909 0.590858 0
p 0.808312 0.576874 0
p 0.318862 0.58985 0
p 0.807693 0.577562 0
p 0.321172 0.590395 0
p 0.80726 0.576793 0
p 0.321383 0.585152 0
p 0.806489 0.578755 0
p 0.321999 0.580231 0
p 0.805948 0.580129 0
p 0.322431 0.576162 0
p 0.806039 0.579215 0
p 0.32367 0.575188 0
p 0.806102 0.579201 0
p 0.324069 0.575132 0
p 0.807084 0.576065 0
p 0.325755 0.569467 0
p 0.807771 0.573246 0
p 0.326935 0.564252 0
p 0.80919 0.572522 0
p 0.328229 0.558726 0
p 0.810183 0.56889 0
p 0.329135 0.554859 0
p 0.811347 0.566348 0
p 0.330707 0.550901 0
p 0.811693 0.563944 0
p 0.332745 0.548131 0
p 0.811935 0.566011 0
p 0.334172 0.546191 0
p 0.812104 0.567457 0
p 0.334701 0.545459 0
p 0.813161 0.56722 0
p 0.33601 0.547446 0
p 0.8139 0.566429 0
p 0.336926 0.548212 0
p 0.814417 0.56775 0
p 0.338035 0.549999 0
p 0.815248 0.56805 0
p 0.338812 0.554374 0
p 0.816299 0.56701 0
p 0.339825 0.552437 0
p 0.817034 0.566282 0
p 0.341002 0.551706 0
p 0.818018 0.567023 0
p 0.342295 0.552444 0
p 0.819175 0.566916 0
p 0.343201 0.552961 0
p 0.819985 0.566841 0
p 0.34524 0.545198 0
p 0.821021 0.567414 0
p 0.346668 0.546013 0
p 0.821746 0.567815 0
p 0.347668 0.549084 0
p 0.821784 0.568095 0
p 0.348367 0.549359 0
p 0.822749 0.567667 0
p 0.349795 0.542676 0
p 0.822018 0.567992 0
p 0.350325 0.632998 0
p 0.821038 0.568219 0
p 0.349759 0.705599 0
p 0.821289 0.568378 0
p 0.349362 0.756419 0
p 0.820527 0.56849 0
p 0.349085 0.792619 0
p 0.8214 0.567943 0
p 0.348891 0.804833 0
p 0.821074 0.56756 0
p 0.349223 0.815883 0
p 0.821314 0.567292 0
p 0.349456 0.824868 0
p 0.820545 0.567729 0
p 0.350088 0.828658 0
p 0.821413 0.568036 0
p 0.350999 0.829435 0
p 0.821551 0.568875 0
p 0.352106 0.74498 0
p 0.823524 0.569462 0
p 0.353349 0.683986 0
p 0.824435 0.569874 0
p 0.354219 0.64129 0
p 0.825073 0.570162 0
p 0.354829 0.607653 0
p 0.82552 0.570363 0
p 0.356192 0.583482 0
p 0.824895 0.570504 0
p 0.357147 0.565312 0
p 0.803364 0.488103 0
p 0.589063 0.658333 0
p 0.823438 0.570833 0
p 0.357816 0.553844 0
p 0.808917 0.513547 0
p 0.358283 0.545816 0
p 0.79218 0.446983 0
p 0.589063 0.654167 0
p 0.821875 0.572917 0
p 0.358611 0.543946 0
p 0.779994 0.392263 0
p 0.587656 0.654167 0
p 0.821406 0.571042 0
p 0.35884 0.541387 0
p 0.771465 0.363959 0
p 0.588078 0.654167 0
p 0.822016 0.571604 0
p 0.359001 0.540221 0
p 0.765963 0.341646 0
p 0.587905 0.654167 0
p 0.821973 0.571998 0
p 0.358644 0.539405 0
p 0.763049 0.336652 0
p 0.587783 0.657917 0
p 0.821944 0.572273 0
p 0.359332 0.536958 0
p 0.761009 0.333782 0
p 0.587698 0.658042 0
p 0.823798 0.571841 0
p 0.359345 0.535246 0
p 0.758644 0.318647 0
p 0.587639 0.657504 0
p 0.825096 0.571539 0
p 0.359823 0.532797 0
p 0.757926 0.306803 0
p 0.587597 0.659003 0
p 0.825067 0.571952 0
p 0.360157 0.534208 0
p 0.756954 0.296012 0
p 0.58663 0.658177 0
p 0.825047 0.572242 0
p 0.359454 0.533321 0
p 0.756743 0.288458 0
p 0.585954 0.657599 0
p 0.825033 0.572444 0
p 0.359899 0.531449 0
p 0.756595 0.284421 0
p 0.58548 0.657194 0
p 0.824554 0.572586 0
p 0.36021 0.529515 0
p 0.756492 0.281595 0
p 0.585149 0.656286 0
p 0.824688 0.572685 0
p 0.360429 0.528785 0
p 0.756419 0.280241 0
p 0.585854 0.65565 0
p 0.824782 0.57213 0
p 0.359175 0.53015 0
p 0.7559 0.278669 0
p 0.58541 0.65583 0
p 0.82391 0.573616 0
p 0.359704 0.531105 0
p 0.755536 0.276318 0
p 0.586037 0.655331 0
p 0.823299 0.573406 0
p 0.360074 0.530523 0
p 0.754813 0.275298 0
p 0.585539 0.654357 0
p 0.822872 0.576384 0
p 0.359864 0.530741 0
p 0.754775 0.273958 0
p 0.58519 0.654925 0
p 0.822573 0.577844 0
p 0.360655 0.530894 0
p 0.754749 0.273021 0
p 0.585414 0.655947 0
p 0.822364 0.579491 0
p 0.36074 0.531001 0
p 0.754731 0.272365 0
p 0.585102 0.655413 0
p 0.821748 0.580643 0
p 0.359862 0.5317 0
p 0.755186 0.271905 0
p 0.584884 0.655039 0
p 0.821317 0.58145 0
p 0.360184 0.53219 0
p 0.755505 0.272834 0
p 0.585669 0.654777 0
p 0.820547 0.582015 0
p 0.36041 0.531908 0
p 0.75526 0.271609 0
p 0.585281 0.654594 0
p 0.820477 0.581786 0
p 0.360568 0.530461 0
p 0.755557 0.272626 0
p 0.585478 0.658216 0
p 0.820896 0.581625 0
p 0.360679 0.531323 0
p 0.755765 0.272713 0
p 0.585616 0.657626 0
p 0.821659 0.579013 0
p 0.360288 0.530676 0
p 0.756379 0.270899 0
p 0.585243 0.656588 0
p 0.822661 0.577184 0
p 0.360483 0.536473 0
p 0.776497 0.361504 0
p 0.359682 0.536781 0
p 0.790579 0.424928 0
p 0.35959 0.624497 0
p 0.800436 0.469325 0
p 0.359057 0.686523 0
p 0.807806 0.500402 0
p 0.358215 0.641816 0
p 0.812964 0.522157 0
p 0.358094 0.699896 0
p 0.816575 0.537385 0
p 0.356603 0.739302 0
p 0.819571 0.548044 0
p 0.355091 0.768762 0
p 0.821668 0.555506 0
p 0.354501 0.787508 0
p 0.822668 0.560729 0
p 0.353151 0.801881 0
p 0.822899 0.564385 0
p 0.351737 0.813816 0
p 0.82306 0.566945 0
p 0.34981 0.827797 0
p 0.823642 0.568736 0
p 0.34846 0.837583 0
p 0.82405 0.56999 0
p 0.347516 0.842558 0
p 0.823866 0.570868 0
p 0.345917 0.84604 0
p 0.823737 0.571483 0
p 0.344798 0.842228 0
p 0.824116 0.571913 0
p 0.343078 0.84581 0
p 0.823913 0.571589 0
p 0.340936 0.853942 0
p 0.824708 0.571987 0
p 0.338967 0.858384 0
p 0.824327 0.571016 0
p 0.336183 0.863994 0
p 0.823591 0.569711 0
p 0.333766 0.867296 0
p 0.823545 0.568798 0
p 0.331605 0.869607 0
p 0.823044 0.566909 0
p 0.329623 0.8706 0
p 0.822693 0.565586 0
p 0.327768 0.873795 0
p 0.822448 0.56466 0
p 0.326469 0.876031 0
p 0.822276 0.564012 0
p 0.325091 0.878222 0
p 0.822156 0.563558 0
p 0.323188 0.882255 0
p 0.822071 0.563866 0
p 0.321388 0.888829 0
p 0.821544 0.564081 0
p 0.31919 0.899055 0
p 0.821643 0.564232 0
p 0.31859 0.900589 0
p 0.821713 0.564962 0
p 0.318638 0.902912 0
p 0.822699 0.566099 0
p 0.31914 0.903913 0
p 0.822452 0.568144 0
p 0.319961 0.905239 0
p 0.823685 0.569576 0
p 0.321004 0.911168 0
p 0.824548 0.570578 0
p 0.321265 0.817817 0
p 0.82609 0.571905 0
p 0.321917 0.753722 0
p 0.827638 0.572208 0
p 0.321904 0.70948 0
p 0.828722 0.572421 0
p 0.320958 0.679761 0
p 0.829949 0.57257 0
p 0.320296 0.666458 0
p 0.831746 0.573924 0
p 0.317957 0.74027 0
p 0.833472 0.576122 0
p 0.314914 0.793189 0
p 0.835149 0.578285 0
p 0.311377 0.822733 0
p 0.838667 0.5798 0
p 0.306089 0.843413 0
p 0.842067 0.58211 0
p 0.299575 0.859764 0
p 0.846322 0.584352 0
p 0.292671 0.86996 0
p 0.849769 0.587171 0
p 0.285963 0.877097 0
p 0.852182 0.58977 0
p 0.279393 0.884593 0
p 0.85434 0.592214 0
p 0.273856 0.88609 0
p 0.858194 0.59705 0
p 0.268106 0.887138 0
p 0.861361 0.601685 0
p 0.263612 0.889747 0
p 0.863578 0.605554 0
p 0.259528 0.890323 0
p 0.866536 0.610138 0
p 0.256201 0.888226 0
p 0.8672 0.616472 0
p 0.253403 0.884258 0
p 0.867196 0.622155 0
p 0.250038 0.878356 0
p 0.866725 0.622384 0
p 0.247214 0.872974 0
p 0.864051 0.629418 0
p 0.2443 0.867957 0
p 0.861242 0.636218 0
p 0.240385 0.86382 0
p 0.857401 0.642228 0
p 0.235301 0.861549 0
p 0.852368 0.643309 0
p 0.231742 0.859959 0
p 0.848845 0.644067 0
p 0.228313 0.865096 0
p 0.844973 0.647097 0
p 0.225444 0.878693 0
p 0.842731 0.648593 0
p 0.223436 0.89821 0
p 0.841162 0.646515 0
p 0.222968 0.919372 0
p 0.839594 0.638185 0
p 0.222171 0.940435 0
p 0.839904 0.63048 0
p 0.224426 0.955805 0
p 0.839651 0.621336 0
p 0.226942 0.962813 0
p 0.839475 0.61056 0
p 0.230109 0.969594 0
p 0.839351 0.601767 0
p 0.232795 0.973716 0
p 0.838327 0.588737 0
p 0.234207 0.977226 0
p 0.837141 0.580241 0
p 0.235195 0.979683 0
p 0.83678 0.574294 0
p 0.235886 0.981403 0
p 0.836527 0.570131 0
p 0.234964 0.983857 0
p 0.83635 0.571591 0
p 0.23385 0.9787 0
p 0.836695 0.575114 0
p 0.230257 0.98259 0
p 0.836468 0.580705 0
p 0.225868 0.982813 0
p 0.834903 0.588368 0
p 0.223732 0.971094 0
p 0.833338 0.596858 0
p 0.218956 0.962891 0
p 0.828493 0.60655 0
p 0.215613 0.955899 0
p 0.824633 0.61396 0
p 0.213273 0.952254 0
p 0.822399 0.617897 0
p 0.211166 0.951578 0
p 0.820367 0.619403 0
p 0.21016 0.957354 0
p 0.819413 0.616707 0
p 0.211331 0.965773 0
p 0.818745 0.61107 0
p 0.21965 0.877291 0
p 0.818278 0.595249 0
p 0.226411 0.910354 0
p 0.817013 0.577924 0
p 0.233019 0.832873 0
p 0.814253 0.561422 0
p 0.238113 0.782386 0
p 0.811852 0.546745 0
p 0.241679 0.74767 0
p 0.811109 0.535847 0
p 0.244176 0.717744 0
p 0.810589 0.531343 0
p 0.245454 0.703046 0
p 0.811162 0.532565 0
p 0.245412 0.690882 0
p 0.812032 0.53967 0
p 0.244444 0.682993 0
p 0.812641 0.548394 0
p 0.243299 0.67747 0
p 0.812599 0.557626 0
p 0.242497 0.673604 0
p 0.812569 0.564088 0
p 0.239591 0.759648 0
p 0.811611 0.570487 0
p 0.237558 0.807378 0
p 0.81094 0.574966 0
p 0.235197 0.84704 0
p 0.811877 0.577476 0
p 0.233075 0.882928 0
p 0.812533 0.579233 0
p 0.232528 0.902425 0
p 0.81346 0.577963 0
p 0.233082 0.921697 0
p 0.813172 0.578324 0
p 0.235345 0.843938 0
p 0.812502 0.579202 0
p 0.236929 0.877632 0
p 0.81297 0.577316 0
p 0.238038 0.899342 0
p 0.813298 0.577871 0
p 0.238814 0.915164 0
p 0.813527 0.57951 0
p 0.237013 0.934365 0
p 0.814157 0.580032 0
p 0.234347 0.951555 0
p 0.816941 0.577897 0
p 0.232949 0.941714 0
p 0.819359 0.577028 0
p 0.229627 0.95045 0
p 0.821988 0.577045 0
p 0.22777 0.93969 0
p 0.823829 0.578306 0
p 0.226002 0.929658 0
p 0.826056 0.579814 0
p 0.221951 0.93576 0
p 0.82902 0.58087 0
p 0.220522 0.936282 0
p 0.831095 0.581609 0
p 0.21999 0.929148 0
p 0.834423 0.584626 0
p 0.2229 0.919778 0
p 0.839096 0.584238 0
p 0.229155 0.90947 0
p 0.844711 0.584592 0
p 0.238221 0.891629 0
p 0.849579 0.584839 0
p 0.250661 0.869765 0
p 0.853455 0.588763 0
p 0.264994 0.859461 0
p 0.856637 0.594634 0
p 0.281589 0.849122 0
p 0.81949 0.459369 0
p 0.632812 0.589583 0
p 0.865625 0.608333 0
p 0.298363 0.842511 0
p 0.793956 0.372808 0
p 0.639375 0.591458 0
p 0.865625 0.609583 0
p 0.316198 0.834132 0
p 0.779831 0.311591 0
p 0.651 0.595271 0
p 0.866094 0.615458 0
p 0.333838 0.754518 0
p 0.774163 0.271863 0
p 0.667106 0.596065 0
p 0.866422 0.621446 0
p 0.349937 0.701287 0
p 0.774883 0.245929 0
p 0.684943 0.59662 0
p 0.867589 0.625012 0
p 0.366362 0.664651 0
p 0.779137 0.228401 0
p 0.704929 0.596384 0
p 0.867469 0.628758 0
p 0.380672 0.633381 0
p 0.786333 0.218005 0
p 0.723606 0.598719 0
p 0.867384 0.632631 0
p 0.393033 0.610867 0
p 0.793715 0.211354 0
p 0.404498 0.586982 0
p 0.8031 0.207323 0
p 0.414399 0.572137 0
p 0.812014 0.206376 0
p 0.423204 0.555496 0
p 0.818722 0.206963 0
p 0.430305 0.543847 0
p 0.825293 0.206124 0
p 0.436214 0.532568 0
p 0.830361 0.207412 0
p 0.440818 0.527798 0
p 0.833909 0.211438 0
p 0.443573 0.520083 0
p 0.835455 0.217382 0
p 0.445501 0.512808 0
p 0.837944 0.222792 0
p 0.446851 0.507716 0
p 0.839686 0.22658 0
p 0.448733 0.503526 0
p 0.841842 0.236106 0
p 0.449582 0.494343 0
p 0.84804 0.243399 0
p 0.450645 0.489165 0
p 0.85144 0.252879 0
p 0.451858 0.484916 0
p 0.803664 0.277016 0
p 0.698438 0.314583 0
p 0.859375 0.285417 0
p 0.454113 0.488191 0
p 0.769284 0.313286 0
p 0.703125 0.304583 0
p 0.856562 0.291667 0
p 0.456629 0.487359 0
p 0.745217 0.34055 0
p 0.707812 0.306958 0
p 0.853187 0.292917 0
p 0.461672 0.498651 0
p 0.72134 0.36276 0
p 0.465201 0.506556 0
p 0.704625 0.378307 0
p 0.47611 0.529589 0
p 0.695738 0.504815 0
p 0.487964 0.555087 0
p 0.68811 0.48712 0
p 0.502356 0.575436 0
p 0.68324 0.479109 0
p 0.515712 0.59843 0
p 0.680299 0.474752 0
p 0.530217 0.618901 0
p 0.678709 0.474201 0
p 0.540371 0.633231 0
p 0.677597 0.473816 0
p 0.552635 0.579512 0
p 0.678224 0.492296 0
p 0.565907 0.553783 0
p 0.680069 0.508357 0
p 0.575197 0.535773 0
p 0.681361 0.5196 0
p 0.601562 0.45 0
p 0.673437 0.441667 0
p 0.595 0.445 0
p 0.671094 0.447917 0
p 0.583844 0.48025 0
p 0.668047 0.449792 0
p 0.567597 0.51055 0
p 0.663102 0.433604 0
p 0.549193 0.52676 0
p 0.657296 0.423523 0
p 0.530216 0.533107 0
p 0.65042 0.415216 0
p 0.509433 0.53505 0
p 0.645606 0.530026 0
p 0.485509 0.534535 0
p 0.637081 0.486643 0
p 0.665625 0.233333 0
p 0.785937 0.25 0
p 0.464075 0.527299 0
p 0.631113 0.45315 0
p 0.66 0.228958 0
p 0.785469 0.2525 0
p 0.443915 0.52411 0
p 0.631154 0.429705 0
p 0.649969 0.221521 0
p 0.783734 0.249875 0
p 0.419959 0.528752 0
p 0.669151 0.370169 0
p 0.39944 0.524501 0
p 0.694344 0.327243 0
p 0.385077 0.521526 0
p 0.711978 0.297195 0
p 0.371273 0.523193 0
p 0.719635 0.276162 0
p 0.356922 0.60811 0
p 0.723588 0.259563 0
p 0.340783 0.671302 0
p 0.724012 0.244819 0
p 0.320111 0.716786 0
p 0.718214 0.233248 0
p 0.30564 0.748626 0
p 0.714156 0.225149 0
p 0.288479 0.777788 0
p 0.706628 0.214479 0
p 0.275529 0.800701 0
p 0.698546 0.21076 0
p 0.65625 0.625 0
p 0.773438 0.647917 0
p 0.264589 0.820491 0
p 0.691013 0.202532 0
p 0.64875 0.625 0
p 0.771094 0.654167 0
p 0.256462 0.836844 0
p 0.682459 0.194273 0
p 0.640219 0.621875 0
p 0.768516 0.654167 0
p 0.250774 0.848916 0
p 0.673659 0.187866 0
p 0.626747 0.622187 0
p 0.766242 0.652292 0
p 0.246792 0.859866 0
p 0.666093 0.182131 0
p 0.615442 0.623031 0
p 0.763713 0.652854 0
p 0.244004 0.867531 0
p 0.660796 0.178117 0
p 0.607528 0.623622 0
p 0.761943 0.653248 0
p 0.242053 0.787272 0
p 0.654276 0.174057 0
p 0.597301 0.621535 0
p 0.760235 0.656024 0
p 0.239281 0.734215 0
p 0.645962 0.168715 0
p 0.586861 0.6182 0
p 0.756227 0.657966 0
p 0.23734 0.697076 0
p 0.640142 0.164975 0
p 0.579552 0.615865 0
p 0.753421 0.659327 0
p 0.234107 0.670453 0
p 0.633256 0.161108 0
p 0.56928 0.611105 0
p 0.750989 0.657154 0
p 0.231375 0.651192 0
p 0.62656 0.1584 0
p 0.559746 0.609649 0
p 0.748817 0.655633 0
p 0.228525 0.640834 0
p 0.622342 0.159005 0
p 0.549322 0.605504 0
p 0.74636 0.655193 0
p 0.226061 0.635459 0
p 0.617514 0.156929 0
p 0.541088 0.601353 0
p 0.74417 0.65426 0
p 0.223868 0.632946 0
p 0.614135 0.154225 0
p 0.534855 0.598447 0
p 0.742169 0.654232 0
p 0.222332 0.633062 0
p 0.611301 0.154208 0
p 0.529555 0.596413 0
p 0.740769 0.654837 0
p 0.22032 0.631269 0
p 0.609317 0.150445 0
p 0.525376 0.595614 0
p 0.739788 0.655886 0
p 0.218912 0.627513 0
p 0.607928 0.150312 0
p 0.521513 0.59443 0
p 0.739102 0.655995 0
p 0.217926 0.624884 0
p 0.606956 0.150218 0
p 0.518809 0.593601 0
p 0.738621 0.656072 0
p 0.217704 0.628669 0
p 0.64565 0.302028 0
p 0.21708 0.630068 0
p 0.672737 0.411419 0
p 0.216644 0.724173 0
p 0.652791 0.334869 0
p 0.5125 0.591667 0
p 0.734375 0.683333 0
p 0.215401 0.778796 0
p 0.676797 0.438158 0
p 0.214062 0.824532 0
p 0.694539 0.513586 0
p 0.211249 0.859673 0
p 0.70649 0.56576 0
p 0.207875 0.882396 0
p 0.714855 0.602282 0
p 0.203637 0.892677 0
p 0.720711 0.628472 0
p 0.19739 0.901749 0
p 0.725279 0.647431 0
p 0.190204 0.912474 0
p 0.728945 0.661326 0
p 0.187049 0.903107 0
p 0.732449 0.671679 0
p 0.177341 0.918425 0
p 0.734902 0.6783 0
p 0.168201 0.929147 0
p 0.738963 0.67981 0
p 0.161334 0.939153 0
p 0.742274 0.680242 0
p 0.15559 0.946157 0
p 0.746467 0.678669 0
p 0.15157 0.95481 0
p 0.750808 0.673194 0
p 0.149224 0.958367 0
p 0.755722 0.66811 0
p 0.147113 0.959607 0
p 0.760568 0.662677 0
p 0.145166 0.96235 0
p 0.766304 0.657624 0
p 0.144273 0.954895 0
p 0.771256 0.652212 0
p 0.14271 0.949676 0
p 0.777067 0.645923 0
p 0.140209 0.941648 0
p 0.782541 0.640896 0
p 0.137053 0.934154 0
p 0.787778 0.638627 0
p 0.133437 0.922658 0
p 0.792851 0.637039 0
p 0.127625 0.913985 0
p 0.796871 0.636552 0
p 0.121681 0.90229 0
p 0.801091 0.638712 0
p 0.115645 0.888478 0
p 0.804982 0.642098 0
p 0.108608 0.874434 0
p 0.808175 0.646969 0
p 0.0980569 0.853979 0
p 0.812285 0.656003 0
p 0.0883273 0.839035 0
p 0.8161 0.666077 0
p 0.0815166 0.828575 0
p 0.81877 0.673129 0
p 0.0758116 0.810627 0
p 0.819701 0.67994 0
p 0.0704119 0.791814 0
p 0.820822 0.689083 0
p 0.0647571 0.774895 0
p 0.821138 0.697358 0
p 0.0607987 0.758676 0
p 0.821359 0.705651 0
p 0.0580278 0.745448 0
p 0.821045 0.712706 0
p 0.054682 0.738064 0
p 0.819419 0.717644 0
p 0.0523399 0.725395 0
p 0.817812 0.722976 0
p 0.0483567 0.714651 0
p 0.816219 0.727958 0
p 0.0455684 0.707131 0
p 0.815103 0.731446 0
p 0.0375229 0.698117 0
p 0.811978 0.737637 0
p 0.0295473 0.689307 0
p 0.808385 0.745721 0
p 0.0267768 0.675015 0
p 0.805401 0.75013 0
p 0.0318688 0.660635 0
p 0.802374 0.755716 0
p 0.0354332 0.65057 0
p 0.800256 0.759626 0
p 0.0416782 0.640399 0
p 0.798773 0.762363 0
p 0.0451122 0.636404 0
p 0.800079 0.761779 0
p 0.0475161 0.633608 0
p 0.800992 0.76137 0
p 0.0515425 0.636026 0
p 0.803038 0.757959 0
p 0.0571735 0.642093 0
p 0.805877 0.751822 0
p 0.0686152 0.654465 0
p 0.810676 0.7394 0
p 0.0766244 0.663126 0
p 0.814973 0.720705 0
p 0.0015625 0.84375 0
p 0.123438 0.808333 0
p 0.0826996 0.669813 0
p 0.81845 0.702619 0
p 0.0015625 0.84375 0
p 0.121875 0.810417 0
p 0.0888272 0.678244 0
p 0.820884 0.684333 0
p 0.0015625 0.839583 0
p 0.126563 0.791667 0
p 0.0785853 0.713521 0
p 0.822588 0.665908 0
p 0.0836035 0.714465 0
p 0.824249 0.650511 0
p 0.0871162 0.715125 0
p 0.825412 0.639732 0
p 0.0825438 0.734338 0
p 0.826226 0.631563 0
p 0.0713744 0.746536 0
p 0.824452 0.632094 0
p 0.0635559 0.755075 0
p 0.82321 0.632466 0
p 0.0515203 0.757928 0
p 0.819997 0.645226 0
p 0.0379392 0.762424 0
p 0.815404 0.661658 0
p 0.0270262 0.754322 0
p 0.809377 0.680036 0
p 0.0193871 0.744275 0
p 0.798595 0.699775 0
p 0.0140397 0.737243 0
p 0.788235 0.717343 0
p 0.0102966 0.73232 0
p 0.776765 0.735265 0
p 0.00767634 0.734499 0
p 0.752798 0.569685 0
p 0.535937 0.629167 0
p 0.74375 0.7875 0
p 0.00584219 0.761649 0
p 0.737427 0.456905 0
p 0.541094 0.632917 0
p 0.741406 0.785 0
p 0.0153395 0.776905 0
p 0.727605 0.379208 0
p 0.548922 0.642417 0
p 0.737891 0.7845 0
p 0.0308939 0.796333 0
p 0.721199 0.323571 0
p 0.561902 0.650317 0
p 0.734961 0.781025 0
p 0.049282 0.789308 0
p 0.71812 0.28525 0
p 0.578019 0.661472 0
p 0.73291 0.781717 0
p 0.0734036 0.806891 0
p 0.717372 0.260925 0
p 0.594926 0.672405 0
p 0.73335 0.777202 0
p 0.102008 0.818574 0
p 0.718254 0.242022 0
p 0.131405 0.826751 0
p 0.721215 0.231291 0
p 0.161359 0.833726 0
p 0.724694 0.221903 0
p 0.190764 0.829858 0
p 0.728067 0.201582 0
p 0.217441 0.819026 0
p 0.732772 0.207358 0
p 0.243146 0.807693 0
p 0.737472 0.2114 0
p 0.267233 0.805385 0
p 0.74498 0.21923 0
p 0.290657 0.80877 0
p 0.751174 0.226586 0
p 0.315023 0.811764 0
p 0.759728 0.23361 0
p 0.340516 0.81511 0
p 0.769934 0.242277 0
p 0.365861 0.739952 0
p 0.779892 0.249594 0
p 0.390634 0.681716 0
p 0.785924 0.248466 0
p 0.422038 0.644076 0
p 0.750303 0.288301 0
p 0.690625 0.266667 0
p 0.820312 0.2625 0
p 0.44402 0.617728 0
p 0.725368 0.316186 0
p 0.690625 0.266667 0
p 0.820312 0.2625 0
p 0.465502 0.604285 0
p 0.711664 0.47383 0
p 0.492257 0.598624 0
p 0.705352 0.457306 0
p 0.51708 0.593412 0
p 0.703747 0.448239 0
p 0.541019 0.581638 0
p 0.704029 0.444392 0
p 0.557776 0.573397 0
p 0.704226 0.4417 0
p 0.573724 0.523253 0
p 0.707646 0.449815 0
p 0.589576 0.490652 0
p 0.712852 0.45487 0
p 0.603953 0.475331 0
p 0.719778 0.459659 0
p 0.621048 0.469607 0
p 0.725563 0.466136 0
p 0.633015 0.4656 0
p 0.729613 0.470671 0
o top
p 0.714063 0.116667 0
p 0.7075 0.116667 0
p 0.688844 0.116667 0
p 0.672503 0.116667 0
p 0.515625 0.320833 0
p 0.661065 0.116667 0
p 0.515625 0.320833 0
p 0.65212 0.116667 0
p 0.510469 0.320833 0
p 0.435937 0.729167 0
p 0.63125 0.116667 0
p 0.63125 0.116667 0
p 0.630781 0.116667 0
p 0.630453 0.116667 0
p 0.630223 0.116667 0
p 0.629594 0.116667 0
p 0.629153 0.116667 0
p 0.628845 0.116667 0
p 0.628629 0.116667 0
p 0.628009 0.116667 0
p 0.627575 0.116667 0
p 0.627271 0.116667 0
p 0.627059 0.116667 0
p 0.62691 0.116667 0
p 0.626806 0.116667 0
p 0.626264 0.116667 0
p 0.625885 0.116667 0
p 0.625619 0.116667 0
p 0.625434 0.116667 0
p 0.625303 0.116667 0
p 0.625212 0.116667 0
p 0.625149 0.116667 0
p 0.625104 0.116667 0
p 0.625073 0.116667 0
p 0.625051 0.116667 0
p 0.625036 0.116667 0
p 0.625025 0.116667 0
p 0.625017 0.116667 0
p 0.625012 0.116667 0
p 0.625009 0.116667 0
p 0.625006 0.116667 0
p 0.625004 0.116667 0
p 0.62594 0.116667 0
p 0.625658 0.116667 0
p 0.62593 0.116667 0
p 0.625651 0.116667 0
p 0.625455 0.116667 0
p 0.62485 0.116667 0
p 0.624426 0.116667 0
p 0.62413 0.116667 0
p 0.623922 0.116667 0
p 0.623777 0.116667 0
p 0.623675 0.116667 0
p 0.623604 0.116667 0
p 0.623554 0.116667 0
p 0.623519 0.116667 0
p 0.623495 0.116667 0
p 0.62629 0.116667 0
p 0.576215 0.117292 0
p 0.541163 0.117729 0
p 0.514752 0.118035 0
p 0.500951 0.11825 0
p 0.497385 0.1184 0
p 0.498638 0.121005 0
p 0.510765 0.125328 0
p 0.517379 0.13023 0
p 0.522009 0.133661 0
p 0.510719 0.136688 0
p 0.503285 0.136931 0
p 0.496205 0.135852 0
p 0.491719 0.133846 0
p 0.498422 0.133067 0
p 0.48952 0.134397 0
p 0.495008 0.136578 0
p 0.490881 0.140605 0
p 0.49596 0.144673 0
p 0.504672 0.147521 0
p 0.512646 0.14764 0
p 0.524321 0.145848 0
p 0.534837 0.140844 0
p 0.54923 0.135465 0
p 0.548523 0.130451 0
p 0.552247 0.126941 0
p 0.560011 0.126358 0
p 0.565445 0.126576 0
p 0.567374 0.132353 0
p 0.572943 0.138897 0
p 0.58106 0.145353 0
p 0.585336 0.151747 0
p 0.591141 0.155598 0
p 0.600361 0.157044 0
p 0.609628 0.156806 0
p 0.61424 0.156639 0
p 0.614655 0.154022 0
p 0.614009 0.153441 0
p 0.618712 0.152408 0
p 0.622942 0.152311 0
p 0.627778 0.152868 0
p 0.633976 0.153882 0
p 0.641596 0.154593 0
p 0.640367 0.156965 0
p 0.759375 0.645833 0
p 0.641851 0.158 0
p 0.759844 0.645208 0
p 0.64242 0.159975 0
p 0.759234 0.644771 0
p 0.647976 0.161983 0
p 0.762089 0.64384 0
p 0.648114 0.162138 0
p 0.757994 0.642563 0
p 0.653836 0.164122 0
p 0.761689 0.640419 0
p 0.654092 0.16551 0
p 0.764276 0.638293 0
p 0.65802 0.167107 0
p 0.766087 0.63618 0
p 0.662177 0.168225 0
p 0.767824 0.634701 0
p 0.665086 0.169007 0
p 0.769039 0.633666 0
p 0.666654 0.169555 0
p 0.76989 0.632941 0
p 0.67197 0.169939 0
p 0.771892 0.631809 0
p 0.676161 0.170832 0
p 0.772824 0.632266 0
p 0.678625 0.170207 0
p 0.774414 0.631336 0
p 0.681287 0.170395 0
p 0.773184 0.63131 0
p 0.681745 0.171152 0
p 0.776541 0.629417 0
p 0.683003 0.171681 0
p 0.778423 0.628092 0
p 0.683883 0.172677 0
p 0.780208 0.626539 0
p 0.684499 0.171499 0
p 0.776771 0.624203 0
p 0.683993 0.170049 0
p 0.779052 0.620692 0
p 0.684108 0.167159 0
p 0.785336 0.615109 0
p 0.681844 0.163887 0
p 0.789735 0.608701 0
p 0.68026 0.161596 0
p 0.792815 0.604216 0
p 0.678682 0.157492 0
p 0.793095 0.598576 0
p 0.677577 0.151494 0
p 0.793761 0.592128 0
p 0.671648 0.141046 0
p 0.796101 0.58074 0
p 0.658591 0.133732 0
p 0.792583 0.569643 0
p 0.648982 0.128613 0
p 0.642256 0.125029 0
p 0.637548 0.12252 0
p 0.633784 0.120764 0
p 0.631149 0.119535 0
p 0.629304 0.118674 0
p 0.628013 0.118072 0
p 0.62664 0.11765 0
p 0.625679 0.117355 0
p 0.625007 0.117149 0
p 0.624536 0.117004 0
p 0.624206 0.116903 0
p 0.623976 0.116832 0
p 0.623814 0.116782 0
p 0.623701 0.116748 0
p 0.623622 0.116723 0
p 0.624035 0.116706 0
p 0.624325 0.116694 0
p 0.624527 0.116686 0
p 0.624669 0.11668 0
p 0.624768 0.116676 0
p 0.624838 0.116673 0
p 0.624887 0.116671 0
p 0.625389 0.11667 0
p 0.625741 0.116669 0
p 0.625988 0.116668 0
p 0.62616 0.116668 0
p 0.66875 0.679167 0
p 0.626281 0.116667 0
p 0.626365 0.116667 0
p 0.626424 0.116667 0
p 0.626466 0.116667 0
p 0.626495 0.116667 0
p 0.626515 0.116667 0
p 0.626529 0.116667 0
p 0.626539 0.116667 0
p 0.626546 0.116667 0
p 0.62702 0.116667 0
p 0.627351 0.116667 0
p 0.629458 0.116667 0
p 0.630933 0.116667 0
p 0.632903 0.116667 0
p 0.63522 0.116667 0
p 0.639654 0.116667 0
p 0.64182 0.116667 0
p 0.646149 0.116667 0
p 0.649648 0.116667 0
p 0.65491 0.116667 0
p 0.659999 0.116667 0
p 0.665437 0.116667 0
p 0.679556 0.116667 0
p 0.689908 0.116667 0
p 0.697154 0.116667 0
p 0.701758 0.117292 0
p 0.704512 0.117104 0
p 0.698002 0.116973 0
p 0.687351 0.116881 0
p 0.679427 0.116817 0
p 0.668724 0.116772 0
p 0.835938 0.58125 0
p 0.659826 0.11674 0
p 0.83125 0.575625 0
p 0.651253 0.116718 0
p 0.824687 0.572938 0
p 0.644315 0.116703 0
p 0.823375 0.568556 0
p 0.639458 0.116692 0
p 0.821988 0.563614 0
p 0.636058 0.116684 0
p 0.822423 0.558905 0
p 0.633678 0.116679 0
p 0.822727 0.555609 0
p 0.632012 0.116675 0
p 0.82669 0.552676 0
p 0.630377 0.116673 0
p 0.629233 0.116671 0
p 0.628432 0.11667 0
p 0.627871 0.116669 0
p 0.627478 0.116668 0
p 0.627204 0.116668 0
p 0.626543 0.116667 0
p 0.62608 0.116667 0
p 0.625756 0.116667 0
p 0.625529 0.116667 0
p 0.62537 0.116667 0
p 0.625259 0.116667 0
p 0.625181 0.116667 0
p 0.625127 0.116667 0
p 0.625089 0.116667 0
p 0.625531 0.116667 0
p 0.626309 0.116667 0
p 0.625916 0.116667 0
p 0.625641 0.116667 0
p 0.625449 0.116667 0
p 0.625783 0.116667 0
p 0.625548 0.116667 0
p 0.625384 0.116667 0
p 0.625269 0.116667 0
p 0.625188 0.116667 0
p 0.625132 0.116667 0
p 0.625092 0.116667 0
p 0.625064 0.116667 0
p 0.625045 0.116667 0
p 0.625032 0.116667 0
p 0.625022 0.116667 0
p 0.625015 0.116667 0
p 0.625011 0.116667 0
p 0.625008 0.116667 0
p 0.625474 0.116667 0
p 0.625801 0.116667 0
p 0.626029 0.116667 0
p 0.626189 0.116667 0
p 0.626301 0.116667 0
p 0.62638 0.116667 0
p 0.626434 0.116667 0
p 0.626473 0.116667 0
p 0.6265 0.116667 0
p 0.626519 0.116667 0
p 0.626532 0.116667 0
p 0.62701 0.116667 0
p 0.627344 0.116667 0
p 0.629453 0.116667 0
p 0.631399 0.116667 0
p 0.630417 0.116667 0
p 0.632073 0.116667 0
p 0.633232 0.116667 0
p 0.6317 0.116667 0
p 0.616565 0.119167 0
p 0.620033 0.118417 0
p 0.622461 0.117892 0
p 0.62416 0.117524 0
p 0.625349 0.117267 0
p 0.626182 0.117087 0
p 0.626765 0.116961 0
p 0.627173 0.116873 0
p 0.627459 0.116811 0
p 0.627659 0.116768 0
p 0.630611 0.116737 0
p 0.63174 0.116716 0
p 0.632531 0.116701 0
p 0.632615 0.116691 0
p 0.632674 0.116684 0
p 0.634122 0.116679 0
p 0.63326 0.116675 0
p 0.632657 0.116673 0
p 0.631298 0.116671 0
p 0.630346 0.11667 0
p 0.62968 0.116669 0
p 0.629213 0.116668 0
p 0.628887 0.116668 0
p 0.630533 0.116667 0
p 0.633092 0.116667 0
p 0.634414 0.116667 0
p 0.634403 0.116667 0
p 0.632988 0.116667 0
p 0.630123 0.117292 0
p 0.627648 0.117729 0
p 0.629198 0.118035 0
p 0.626063 0.121375 0
p 0.627619 0.123087 0
p 0.629177 0.126786 0
p 0.640112 0.12875 0
p 0.634641 0.13075 0
p 0.632217 0.1334 0
p 0.643646 0.137755 0
p 0.643208 0.142054 0
p 0.639621 0.146938 0
p 0.64836 0.150356 0
p 0.646508 0.153374 0
p 0.654118 0.156112 0
p 0.647258 0.159278 0
p 0.643862 0.162745 0
p 0.641953 0.166421 0
p 0.646711 0.170245 0
p 0.650041 0.172922 0
p 0.647685 0.174795 0
p 0.649786 0.174857 0
p 0.650788 0.1774 0
p 0.652895 0.179805 0
p 0.661402 0.181488 0
p 0.655169 0.183292 0
p 0.653149 0.184554 0
p 0.662048 0.184813 0
p 0.668278 0.184994 0
p 0.662326 0.186371 0
p 0.658159 0.186085 0
p 0.655243 0.187134 0
p 0.665857 0.187244 0
p 0.662038 0.187321 0
p 0.669676 0.187375 0
p 0.675023 0.187412 0
p 0.667048 0.188689 0
p 0.661465 0.189582 0
p 0.669275 0.189582 0
p 0.675211 0.188958 0
p 0.679367 0.18977 0
p 0.68415 0.190339 0
p 0.67953 0.191362 0
p 0.675828 0.192704 0
p 0.669017 0.194268 0
p 0.664249 0.195362 0
p 0.660912 0.196754 0
p 0.659982 0.197728 0
p 0.66355 0.197784 0
p 0.790625 0.54375 0
p 0.660422 0.197824 0
p 0.656827 0.197852 0
p 0.775 0.54375 0
p 0.661341 0.197871 0
p 0.774531 0.54375 0
p 0.664033 0.19726 0
p 0.774672 0.54375 0
p 0.666385 0.196832 0
p 0.775239 0.54375 0
p 0.672251 0.195907 0
p 0.773761 0.545 0
p 0.672138 0.195885 0
p 0.770851 0.545875 0
p 0.666434 0.196495 0
p 0.769284 0.546488 0
p 0.664785 0.196296 0
p 0.776155 0.546916 0
p 0.6641 0.196157 0
p 0.772058 0.548466 0
p 0.664557 0.195435 0
p 0.770597 0.548926 0
p 0.666753 0.195555 0
p 0.776137 0.549249 0
p 0.676727 0.195013 0
p 0.778608 0.546974 0
p 0.674803 0.194634 0
p 0.782213 0.546632 0
p 0.673456 0.194994 0
p 0.784268 0.545767 0
p 0.679544 0.194621 0
p 0.785706 0.545162 0
p 0.674899 0.194985 0
p 0.786713 0.545363 0
p 0.673055 0.195239 0
p 0.786949 0.545504 0
p 0.670357 0.195417 0
p 0.784302 0.546853 0
p 0.668937 0.195542 0
p 0.786199 0.547172 0
p 0.668881 0.19438 0
p 0.787058 0.546145 0
p 0.678217 0.194816 0
p 0.787659 0.546052 0
p 0.675377 0.194496 0
p 0.78808 0.545361 0
p 0.674326 0.193647 0
p 0.789312 0.546128 0
p 0.673591 0.193678 0
p 0.790175 0.54729 0
p 0.671201 0.194325 0
p 0.79031 0.547478 0
p 0.670935 0.194152 0
p 0.66981 0.194657 0
p 0.668555 0.19501 0
p 0.672363 0.194007 0
p 0.675967 0.193305 0
p 0.678021 0.192813 0
p 0.680864 0.191219 0
p 0.68098 0.191353 0
p 0.684811 0.190822 0
p 0.681868 0.190451 0
p 0.676526 0.190816 0
p 0.677475 0.189821 0
p 0.678138 0.189125 0
p 0.675791 0.188637 0
p 0.674147 0.188296 0
p 0.672059 0.188057 0
p 0.666848 0.18664 0
p 0.662731 0.185648 0
p 0.657037 0.185579 0
p 0.657269 0.18428 0
p 0.65837 0.182121 0
p 0.65539 0.179985 0
p 0.664086 0.177864 0
p 0.66736 0.17388 0
p 0.669652 0.171091 0
p 0.671725 0.169139 0
p 0.673645 0.164647 0
p 0.661864 0.160878 0
p 0.65268 0.157615 0
p 0.657032 0.15283 0
p 0.661016 0.146356 0
p 0.66193 0.139949 0
p 0.658351 0.132965 0
p 0.649283 0.128075 0
p 0.642936 0.124653 0
p 0.638493 0.122257 0
p 0.635382 0.12058 0
p 0.632736 0.119406 0
p 0.630884 0.118584 0
p 0.629588 0.118009 0
p 0.62868 0.117606 0
p 0.628045 0.117324 0
p 0.6276 0.117127 0
p 0.627289 0.116989 0
p 0.627071 0.116892 0
p 0.626918 0.116825 0
p 0.626343 0.116777 0
p 0.62594 0.116744 0
p 0.625658 0.116721 0
p 0.625461 0.116705 0
p 0.625322 0.116693 0
p 0.625226 0.116685 0
p 0.625627 0.11668 0
p 0.625439 0.116676 0
p 0.625307 0.116673 0
p 0.625215 0.116671 0
p 0.625151 0.11667 0
p 0.625105 0.116669 0
p 0.625074 0.116668 0
p 0.624583 0.116668 0
p 0.624239 0.116667 0
p 0.623999 0.116667 0
p 0.62383 0.116667 0
p 0.623713 0.116667 0
p 0.62363 0.116667 0
p 0.623572 0.116667 0
p 0.623532 0.116667 0
p 0.623504 0.116667 0
p 0.623484 0.116667 0
p 0.624876 0.116667 0
p 0.625851 0.116667 0
p 0.627002 0.116667 0
p 0.62687 0.116667 0
p 0.626778 0.116667 0
p 0.626713 0.116667 0
p 0.628074 0.116667 0
p 0.627621 0.116667 0
p 0.627303 0.116667 0
p 0.627081 0.116667 0
p 0.627394 0.116667 0
p 0.627145 0.116667 0
p 0.62697 0.116667 0
p 0.626848 0.116667 0
p 0.626293 0.116667 0
p 0.626843 0.116667 0
p 0.627227 0.116667 0
p 0.627966 0.116667 0
p 0.628482 0.116667 0
p 0.627906 0.116667 0
p 0.629847 0.116667 0
p 0.628862 0.116667 0
p 0.628641 0.116667 0
p 0.628486 0.116667 0
p 0.627909 0.116667 0
p 0.627036 0.116667 0
p 0.626425 0.116667 0
p 0.625998 0.116667 0
p 0.626167 0.116667 0
p 0.625817 0.116667 0
p 0.626509 0.116667 0
p 0.626057 0.116667 0
p 0.62574 0.116667 0
p 0.625518 0.116667 0
p 0.625362 0.116667 0
p 0.625254 0.116667 0
p 0.625178 0.116667 0
p 0.625124 0.116667 0
p 0.625556 0.116667 0
p 0.625389 0.116667 0
p 0.625272 0.116667 0
p 0.625191 0.116667 0
p 0.625133 0.116667 0
p 0.625093 0.116667 0
p 0.625065 0.116667 0
p 0.625046 0.116667 0
p 0.625501 0.116667 0
p 0.625819 0.116667 0
p 0.626042 0.116667 0
p 0.81875 0.552083 0
p 0.626198 0.116667 0
p 0.775156 0.556458 0
p 0.626776 0.116667 0
p 0.787766 0.560771 0
p 0.627181 0.116667 0
p 0.766592 0.565665 0
p 0.627464 0.116667 0
p 0.75974 0.570965 0
p 0.629069 0.116667 0
p 0.770411 0.575301 0
p 0.634411 0.116667 0
p 0.7821 0.57896 0
p 0.674712 0.116042 0
p 0.702924 0.115604 0
p 0.722672 0.115298 0
p 0.736495 0.115084 0
p 0.74664 0.114933 0
p 0.753742 0.114828 0
p 0.758713 0.114755 0
p 0.756099 0.116578 0
p 0.755207 0.120355 0
p 0.754582 0.122998 0
p 0.754145 0.125474 0
p 0.765089 0.133457 0
p 0.766187 0.142795 0
p 0.721956 0.187456 0
p 0.767187 0.175 0
p 0.679744 0.221219 0
p 0.77375 0.179375 0
p 0.650196 0.247354 0
p 0.771312 0.187438 0
p 0.635137 0.270647 0
p 0.624596 0.286953 0
p 0.623311 0.306492 0
p 0.617724 0.325795 0
p 0.618501 0.341806 0
p 0.619044 0.356139 0
p 0.618487 0.368673 0
p 0.618097 0.377446 0
p 0.620637 0.389837 0
p 0.624289 0.403511 0
p 0.626846 0.413083 0
p 0.632812 0.389583 0
p 0.629531 0.384583 0
p 0.626297 0.376083 0
p 0.619814 0.365133 0
p 0.611057 0.353718 0
p 0.599771 0.342603 0
p 0.59234 0.332322 0
p 0.578232 0.322625 0
p 0.73125 0.175 0
p 0.567887 0.313338 0
p 0.720938 0.16375 0
p 0.559708 0.304961 0
p 0.709031 0.15275 0
p 0.595233 0.247223 0
p 0.606507 0.206806 0
p 0.614399 0.178514 0
p 0.618517 0.15871 0
p 0.62093 0.144847 0
p 0.62262 0.135143 0
p 0.623803 0.12835 0
p 0.624631 0.123595 0
p 0.62521 0.120267 0
p 0.625147 0.117937 0
p 0.717188 0.59375 0
p 0.625103 0.116306 0
p 0.716719 0.59375 0
p 0.584291 0.115789 0
p 0.711234 0.59375 0
p 0.55291 0.115427 0
p 0.708333 0.593125 0
p 0.527193 0.115174 0
p 0.706302 0.592688 0
p 0.509191 0.114997 0
p 0.70488 0.592381 0
p 0.495184 0.114873 0
p 0.703416 0.593417 0
p 0.479754 0.114786 0
p 0.668172 0.594767 0
p 0.468953 0.114725 0
p 0.643502 0.595712 0
p 0.459048 0.114683 0
p 0.620608 0.593248 0
p 0.450709 0.114653 0
p 0.604113 0.591524 0
p 0.443465 0.114632 0
p 0.585535 0.590317 0
p 0.437925 0.114617 0
p 0.571593 0.589472 0
p 0.43311 0.114607 0
p 0.565584 0.58763 0
p 0.428802 0.1146 0
p 0.56044 0.585091 0
p 0.425786 0.114595 0
p 0.557308 0.582689 0
p 0.423676 0.114592 0
p 0.555116 0.581007 0
p 0.422198 0.114589 0
p 0.553581 0.57983 0
p 0.421163 0.114587 0
p 0.420908 0.114586 0
p 0.421198 0.114585 0
p 0.526563 0.585417 0
p 0.42187 0.114585 0
p 0.421872 0.114584 0
p 0.423279 0.114584 0
p 0.424264 0.114584 0
p 0.426828 0.114584 0
p 0.427217 0.114584 0
p 0.430302 0.114583 0
p 0.43293 0.114583 0
p 0.435239 0.114583 0
p 0.438261 0.114583 0
p 0.439908 0.114583 0
p 0.440592 0.114583 0
p 0.442008 0.114583 0
p 0.443937 0.114583 0
p 0.444818 0.114583 0
p 0.444966 0.114583 0
p 0.446008 0.114583 0
p 0.447205 0.114583 0
p 0.448981 0.114583 0
p 0.450693 0.114583 0
p 0.45236 0.114583 0
p 0.453527 0.114583 0
p 0.454344 0.114583 0
p 0.454916 0.114583 0
p 0.458129 0.114583 0
p 0.507721 0.113958 0
p 0.495561 0.114146 0
p 0.487049 0.114277 0
p 0.481091 0.114369 0
p 0.523795 0.113808 0
p 0.553688 0.113416 0
p 0.574612 0.113141 0
p 0.58926 0.112949 0
p 0.599513 0.112814 0
p 0.606691 0.11272 0
p 0.611715 0.112654 0
p 0.615232 0.112608 0
p 0.617693 0.112575 0
p 0.619417 0.112553 0
p 0.620623 0.112537 0
p 0.623811 0.112526 0
p 0.626043 0.112518 0
p 0.625261 0.112513 0
p 0.624714 0.112509 0
p 0.624331 0.112506 0
p 0.626407 0.112504 0
p 0.625516 0.112503 0
p 0.624892 0.112502 0
p 0.624456 0.112501 0
p 0.0875 0.76875 0
p 0.628369 0.112501 0
p 0.0875 0.76875 0
p 0.589858 0.113126 0
p 0.109375 0.766667 0
p 0.562432 0.113563 0
p 0.543702 0.113869 0
p 0.530592 0.114083 0
p 0.558446 0.113608 0
p 0.577943 0.113276 0
p 0.591591 0.113043 0
p 0.601145 0.11288 0
p 0.607833 0.112766 0
p 0.612514 0.112686 0
p 0.615791 0.11263 0
p 0.618085 0.112591 0
p 0.619691 0.112564 0
p 0.620815 0.112545 0
p 0.55 0.6125 0
p 0.621602 0.112531 0
p 0.554219 0.6175 0
p 0.622152 0.112522 0
p 0.559984 0.626 0
p 0.623007 0.112515 0
p 0.574802 0.637575 0
p 0.623605 0.112511 0
p 0.591267 0.649428 0
p 0.624023 0.112508 0
p 0.60795 0.658349 0
p 0.624316 0.112505 0
p 0.624521 0.112504 0
p 0.624665 0.112503 0
p 0.625234 0.112502 0
p 0.625633 0.112501 0
p 0.625912 0.112501 0
p 0.632669 0.112501 0
p 0.650525 0.11375 0
p 0.665367 0.11775 0
p 0.679976 0.12305 0
p 0.689733 0.12926 0
p 0.692344 0.136732 0
p 0.666516 0.188212 0
p 0.734375 0.179167 0
p 0.648436 0.224249 0
p 0.734375 0.179167 0
p 0.636718 0.252599 0
p 0.637421 0.277444 0
p 0.637445 0.297961 0
p 0.640274 0.315448 0
p 0.642254 0.327688 0
p 0.64739 0.339382 0
p 0.658955 0.350692 0
p 0.669862 0.36361 0
p 0.68031 0.381402 0
p 0.687623 0.393856 0
